[{"controllerID":-802128783,"gamePhase":"SETUP_PHASE","game":{"gameMode":"MULTI_PLAYER","marketTray":[["WHITE","RED","BLUE","WHITE"],["YELLOW","PURPLE","GREY","PURPLE"],["YELLOW","BLUE","WHITE","GREY"]],"slideMarble":"WHITE","developmentCardGrid":[[[45,41,33,37],[35,39,47,43],[44,48,40,36],[46,38,34,42]],[[29,17,25,21],[19,23,27,31],[28,20,24,32],[26,18,30,22]],[[1,5,9,13],[11,15,7,3],[12,16,4,8],[6,10,14,2]]],"players":[{"nickname":"asdf","faithTrackPosition":0,"ownedLeaderCards":{"64":false,"57":false},"developmentCardSlots":[[],[],[]],"warehouse":[[],[],[]],"strongbox":[0,0,0,0],"leaderDepots":{},"victoryPoints":0,"popesTileStates":["NOT_REACHED","NOT_REACHED","NOT_REACHED"],"active":true},{"nickname":"fdhg","faithTrackPosition":0,"ownedLeaderCards":{"52":false,"60":false},"developmentCardSlots":[[],[],[]],"warehouse":[[],[],[]],"strongbox":[0,0,0,0],"leaderDepots":{},"victoryPoints":0,"popesTileStates":["NOT_REACHED","NOT_REACHED","NOT_REACHED"],"active":true}],"currentSection":{"start":5,"end":8,"popeFavorPoints":2}},"resourcesToStore":{"fdhg":["STONE"]}},{"controllerID":1154292323,"gamePhase":"SETUP_PHASE","game":{"gameMode":"MULTI_PLAYER","marketTray":[["RED","WHITE","PURPLE","WHITE"],["GREY","GREY","WHITE","BLUE"],["PURPLE","YELLOW","YELLOW","BLUE"]],"slideMarble":"WHITE","developmentCardGrid":[[[37,41,45,33],[39,35,43,47],[44,40,36,48],[42,46,34,38]],[[21,25,29,17],[31,27,19,23],[24,28,20,32],[18,26,22,30]],[[13,1,5,9],[7,3,15,11],[8,4,12,16],[6,14,10,2]]],"players":[{"nickname":"rg","faithTrackPosition":0,"ownedLeaderCards":{"64":false,"56":false},"developmentCardSlots":[[],[],[]],"warehouse":[[],[],[]],"strongbox":[0,0,0,0],"leaderDepots":{},"victoryPoints":0,"popesTileStates":["NOT_REACHED","NOT_REACHED","NOT_REACHED"],"active":true},{"nickname":"sdfdg","faithTrackPosition":0,"ownedLeaderCards":{"58":false,"60":false},"developmentCardSlots":[[],[],[]],"warehouse":[["COIN"],[],[]],"strongbox":[0,0,0,0],"leaderDepots":{},"victoryPoints":0,"popesTileStates":["NOT_REACHED","NOT_REACHED","NOT_REACHED"],"active":true}],"currentSection":{"start":5,"end":8,"popeFavorPoints":2}},"resourcesToStore":{"sdfdg":[]}},{"controllerID":-718748190,"gamePhase":"SETUP_PHASE","game":{"gameMode":"MULTI_PLAYER","marketTray":[["YELLOW","GREY","PURPLE","WHITE"],["PURPLE","WHITE","BLUE","RED"],["YELLOW","BLUE","GREY","WHITE"]],"slideMarble":"WHITE","developmentCardGrid":[[[37,41,45,33],[35,39,47,43],[40,44,48,36],[46,34,42,38]],[[29,17,21,25],[23,19,31,27],[28,20,24,32],[30,18,22,26]],[[1,5,13,9],[3,7,11,15],[4,8,16,12],[14,2,6,10]]],"players":[{"nickname":"asfd","faithTrackPosition":0,"ownedLeaderCards":{"49":false,"54":false},"developmentCardSlots":[[],[],[]],"warehouse":[[],[],[]],"strongbox":[0,0,0,0],"leaderDepots":{},"victoryPoints":0,"popesTileStates":["NOT_REACHED","NOT_REACHED","NOT_REACHED"],"active":true},{"nickname":"asd","faithTrackPosition":0,"ownedLeaderCards":{"55":false,"60":false},"developmentCardSlots":[[],[],[]],"warehouse":[[],[],[]],"strongbox":[0,0,0,0],"leaderDepots":{},"victoryPoints":0,"popesTileStates":["NOT_REACHED","NOT_REACHED","NOT_REACHED"],"active":true}],"currentSection":{"start":5,"end":8,"popeFavorPoints":2}},"resourcesToStore":{"asd":["STONE"]}},{"controllerID":-580752418,"gamePhase":"SETUP_PHASE","game":{"gameMode":"MULTI_PLAYER","marketTray":[["YELLOW","PURPLE","WHITE","YELLOW"],["WHITE","GREY","WHITE","GREY"],["PURPLE","RED","WHITE","BLUE"]],"slideMarble":"BLUE","developmentCardGrid":[[[33,37,41,45],[47,43,35,39],[40,44,48,36],[46,38,34,42]],[[17,25,21,29],[31,23,27,19],[20,28,24,32],[18,26,30,22]],[[1,5,13,9],[7,15,11,3],[12,4,8,16],[10,2,14,6]]],"players":[{"nickname":"sdffg","faithTrackPosition":0,"ownedLeaderCards":{"49":false,"61":false},"developmentCardSlots":[[],[],[]],"warehouse":[[],[],[]],"strongbox":[0,0,0,0],"leaderDepots":{},"victoryPoints":0,"popesTileStates":["NOT_REACHED","NOT_REACHED","NOT_REACHED"],"active":true},{"nickname":"saddf","faithTrackPosition":0,"ownedLeaderCards":{"55":false,"56":false},"developmentCardSlots":[[],[],[]],"warehouse":[[],[],[]],"strongbox":[0,0,0,0],"leaderDepots":{},"victoryPoints":0,"popesTileStates":["NOT_REACHED","NOT_REACHED","NOT_REACHED"],"active":true}],"currentSection":{"start":5,"end":8,"popeFavorPoints":2}},"resourcesToStore":{"saddf":["SERVANT"]}}]