[{"controllerID":1045436667,"gamePhase":"SETUP_PHASE","game":{"gameMode":"MULTI_PLAYER","marketTray":[["GREY","WHITE","PURPLE","WHITE"],["PURPLE","RED","BLUE","WHITE"],["YELLOW","GREY","YELLOW","WHITE"]],"slideMarble":"BLUE","developmentCardGrid":[[[33,37,45,41],[47,35,43,39],[40,36,48,44],[46,42,34,38]],[[29,21,25,17],[19,27,23,31],[28,24,32,20],[30,18,22,26]],[[9,13,5,1],[7,11,15,3],[12,4,16,8],[14,6,10,2]]],"players":[{"nickname":"asddzcv","faithTrackPosition":0,"ownedLeaderCards":{"64":false,"54":false},"developmentCardSlots":[[],[],[]],"warehouse":[[],[],[]],"strongbox":[0,0,0,0],"leaderDepots":{},"victoryPoints":0,"popesTileStates":["NOT_REACHED","NOT_REACHED","NOT_REACHED"],"active":true},{"nickname":"sad","faithTrackPosition":0,"ownedLeaderCards":{"50":false,"52":false},"developmentCardSlots":[[],[],[]],"warehouse":[[],["STONE"],[]],"strongbox":[0,0,0,0],"leaderDepots":{},"victoryPoints":0,"popesTileStates":["NOT_REACHED","NOT_REACHED","NOT_REACHED"],"active":true}],"currentSection":{"start":5,"end":8,"popeFavorPoints":2}},"resourcesToStore":{"sad":[]}},{"controllerID":-718748234,"gamePhase":"SETUP_PHASE","game":{"gameMode":"MULTI_PLAYER","marketTray":[["WHITE","RED","PURPLE","BLUE"],["PURPLE","GREY","WHITE","YELLOW"],["WHITE","BLUE","YELLOW","WHITE"]],"slideMarble":"GREY","developmentCardGrid":[[[45,33,37,41],[39,43,47,35],[48,44,40,36],[46,38,42,34]],[[21,25,17,29],[23,27,19,31],[20,24,32,28],[26,22,30,18]],[[13,1,5,9],[7,3,15,11],[16,12,4,8],[10,6,14,2]]],"players":[{"nickname":"asdv","faithTrackPosition":0,"ownedLeaderCards":{"64":false,"51":false},"developmentCardSlots":[[],[],[]],"warehouse":[[],[],[]],"strongbox":[0,0,0,0],"leaderDepots":{},"victoryPoints":0,"popesTileStates":["NOT_REACHED","NOT_REACHED","NOT_REACHED"],"active":true},{"nickname":"asd","faithTrackPosition":0,"ownedLeaderCards":{"49":false,"54":false},"developmentCardSlots":[[],[],[]],"warehouse":[[],["STONE"],[]],"strongbox":[0,0,0,0],"leaderDepots":{},"victoryPoints":0,"popesTileStates":["NOT_REACHED","NOT_REACHED","NOT_REACHED"],"active":true}],"currentSection":{"start":5,"end":8,"popeFavorPoints":2}},"resourcesToStore":{"asd":[]}},{"controllerID":2986609,"gamePhase":"SETUP_PHASE","game":{"gameMode":"MULTI_PLAYER","marketTray":[["GREY","GREY","RED","BLUE"],["WHITE","YELLOW","BLUE","WHITE"],["WHITE","WHITE","PURPLE","PURPLE"]],"slideMarble":"YELLOW","developmentCardGrid":[[[41,37,33,45],[43,35,47,39],[36,40,48,44],[38,42,46,34]],[[17,25,29,21],[23,19,27,31],[28,24,20,32],[22,30,26,18]],[[9,13,1,5],[11,15,7,3],[16,4,12,8],[6,14,10,2]]],"players":[{"nickname":"a","faithTrackPosition":0,"ownedLeaderCards":{"64":false,"56":false},"developmentCardSlots":[[],[],[]],"warehouse":[[],[],[]],"strongbox":[0,0,0,0],"leaderDepots":{},"victoryPoints":0,"popesTileStates":["NOT_REACHED","NOT_REACHED","NOT_REACHED"],"active":true},{"nickname":"asd","faithTrackPosition":0,"ownedLeaderCards":{"53":false,"54":false},"developmentCardSlots":[[],[],[]],"warehouse":[[],["STONE"],[]],"strongbox":[0,0,0,0],"leaderDepots":{},"victoryPoints":0,"popesTileStates":["NOT_REACHED","NOT_REACHED","NOT_REACHED"],"active":true}],"currentSection":{"start":5,"end":8,"popeFavorPoints":2}},"resourcesToStore":{"asd":[]}},{"controllerID":772669609,"gamePhase":"PLAY_PHASE","game":{"gameMode":"MULTI_PLAYER","marketTray":[["GREY","YELLOW","WHITE","RED"],["PURPLE","WHITE","GREY","BLUE"],["WHITE","WHITE","PURPLE","BLUE"]],"slideMarble":"YELLOW","developmentCardGrid":[[[41,37,45,33],[43,47,39,35],[44,36,48,40],[34,38,46,42]],[[25,29,17,21],[27,19,31,23],[24,32,28,20],[22,18,30,26]],[[1,5,9,13],[11,15,3,7],[8,4,16,12],[10,2,6,14]]],"players":[{"nickname":"asd","faithTrackPosition":0,"ownedLeaderCards":{"51":false,"57":false},"developmentCardSlots":[[],[],[]],"warehouse":[["SERVANT"],["COIN"],[]],"strongbox":[0,0,0,0],"leaderDepots":{},"victoryPoints":0,"popesTileStates":["NOT_REACHED","NOT_REACHED","NOT_REACHED"],"active":true},{"nickname":"asdfdg","faithTrackPosition":0,"ownedLeaderCards":{"56":false,"60":false},"developmentCardSlots":[[],[],[]],"warehouse":[[],["STONE"],[]],"strongbox":[0,0,0,0],"leaderDepots":{},"victoryPoints":0,"popesTileStates":["NOT_REACHED","NOT_REACHED","NOT_REACHED"],"active":true}],"currentSection":{"start":5,"end":8,"popeFavorPoints":2}},"lastPlayer":"asd"}]